每幅图像的标定误差：
第1幅图像的平均误差：0.0270937像素
第2幅图像的平均误差：0.0265016像素
第3幅图像的平均误差：0.0256628像素
第4幅图像的平均误差：0.0307724像素
第5幅图像的平均误差：0.0386839像素
第6幅图像的平均误差：0.0362654像素
第7幅图像的平均误差：0.0378827像素
第8幅图像的平均误差：0.0257734像素
第9幅图像的平均误差：0.0253338像素
第10幅图像的平均误差：0.0242437像素
第11幅图像的平均误差：0.0259194像素
第12幅图像的平均误差：0.0259635像素
第13幅图像的平均误差：0.0259456像素
第14幅图像的平均误差：0.0232153像素
第15幅图像的平均误差：0.0242998像素
总体平均误差：0.0282371像素

相机内参数矩阵：
[538.5258485949285, 0, 322.2350160163925;
 0, 538.9423172447248, 236.9270799574736;
 0, 0, 1]

畸变系数：
[0.04357427726823997, -0.05479292168957763, -0.001673138843586305, -0.0007050553058959656, -0.2371334390641957]


第1幅图像的旋转向量：
[0.03026587807222193;
 -2.976654738233331;
 0.5878741442501851]
第1幅图像的旋转矩阵：
[-0.9940514087865831, -0.04026092709714346, -0.1011971068691596;
 0.001233147659745932, 0.9249448625424012, -0.3800993036079743;
 0.1089048944550192, -0.3779630392058148, -0.9193930959921576]
第1幅图像的平移向量：
[279.6950922000722;
 -149.0425773361733;
 1060.175970137934]

第2幅图像的旋转向量：
[0.06130436107633098;
 2.854370341065333;
 -0.5630127933771468]
第2幅图像的旋转矩阵：
[-0.9724291332659045, 0.08518160658495731, 0.2170844874129128;
 -0.003629304263455285, 0.9252588334180584, -0.3793190205254881;
 -0.2331703431534224, -0.3696487320165699, -0.8994394954593984]
第2幅图像的平移向量：
[157.6906588217587;
 -149.2880570782019;
 1190.849229576572]

第3幅图像的旋转向量：
[0.0417191090208391;
 -2.944783354595827;
 0.572842610971129]
第3幅图像的旋转矩阵：
[-0.9896462108393166, -0.05405226629969842, -0.1329613849177619;
 -0.0002673455659416672, 0.9270699841255199, -0.3748882140850219;
 0.1435280665853585, -0.3709711539208613, -0.9174857476064102]
第3幅图像的平移向量：
[221.7997458028293;
 -151.1435195720347;
 1077.558751677384]

第4幅图像的旋转向量：
[0.08296748320230872;
 -2.752022663936197;
 0.5389799321791804]
第4幅图像的旋转矩阵：
[-0.9423609993788519, -0.119748084310818, -0.3124358224557178;
 0.006958424319643254, 0.9265493801971365, -0.3761087959451223;
 0.3345255254546047, -0.3566043218473258, -0.8723107419143305]
第4幅图像的平移向量：
[405.711535497784;
 -150.8712629119397;
 1050.372311286748]

第5幅图像的旋转向量：
[0.844544727546956;
 2.94460608175456;
 -0.6272072255603343]
第5幅图像的旋转矩阵：
[-0.8539999841224428, 0.5116208763466094, -0.09448865543119434;
 0.5057169355525671, 0.7736432031229358, -0.3817415033199889;
 -0.1222064164198762, -0.3737917510432939, -0.9194266249341488]
第5幅图像的平移向量：
[365.561774632868;
 -160.3850340840553;
 1211.972124228454]

第6幅图像的旋转向量：
[0.8972122482037022;
 2.74715537734218;
 -0.3536485077709636]
第6幅图像的旋转矩阵：
[-0.7862260047910386, 0.6015661816758887, 0.1413039222888498;
 0.5461650316874768, 0.7834583780010308, -0.2964738236367778;
 -0.2890543678136333, -0.1559201686886124, -0.9445297631329441]
第6幅图像的平移向量：
[24.99784197345484;
 -177.4345610970515;
 1223.449520708173]

第7幅图像的旋转向量：
[-0.8338529463137846;
 2.761802625829596;
 -0.6782122359902909]
第7幅图像的旋转矩阵：
[-0.8271154141540416, -0.4797523618006089, 0.292775960446765;
 -0.56079634925619, 0.7390011844916697, -0.3733426093829058;
 -0.03724978294859452, -0.4729851167496133, -0.8802826438159719]
第7幅图像的平移向量：
[25.74545766484416;
 83.19158848340301;
 1177.764374580679]

第8幅图像的旋转向量：
[0.0639834630740006;
 2.742124961881876;
 -0.3605092279507148]
第8幅图像的旋转矩阵：
[-0.9294269979343681, 0.09200180760388216, 0.3573529388550293;
 -0.003490981391385602, 0.9661847051160949, -0.2578273233166897;
 -0.3689895236448226, -0.2408791875553845, -0.8976769733278363]
第8幅图像的平移向量：
[-23.02881185483243;
 -167.8889224963884;
 1209.324706659305]

第9幅图像的旋转向量：
[0.03311914261528105;
 2.824179052580313;
 -0.228003741005491]
第9幅图像的旋转矩阵：
[-0.9526654942844303, 0.04714638825538813, 0.3003425945054653;
 -0.00164514579927575, 0.9870885802880499, -0.1601668759769667;
 -0.3040160349308919, -0.1530795634282842, -0.9402876675600423]
第9幅图像的平移向量：
[2.632288497002346;
 -175.2086866486471;
 1128.090439737927]

第10幅图像的旋转向量：
[0.01292530536211688;
 3.039582938269404;
 -0.2472395308402958]
第10幅图像的旋转矩阵：
[-0.9957403066903789, 0.01587427530056316, 0.09082537649705569;
 0.0009872527026932093, 0.9868467441301464, -0.1616555873820318;
 -0.09219689237849077, -0.1608773165595778, -0.9826587515777481]
第10幅图像的平移向量：
[103.6958589597803;
 -174.9941625352268;
 1132.819175735063]

第11幅图像的旋转向量：
[0.01673357404304719;
 -2.969300434165314;
 0.244942910695353]
第11幅图像的旋转矩阵：
[-0.986818266071865, -0.02439407330395461, -0.159983245793299;
 0.002151891357852471, 0.9865086169282841, -0.1636951987378629;
 0.161818043216762, -0.161881678746811, -0.9734522294265972]
第11幅图像的平移向量：
[226.4473488762333;
 -173.2362014243652;
 1124.587565340746]

第12幅图像的旋转向量：
[0.004949094028387694;
 3.106662188177904;
 -0.282883193938599]
第12幅图像的旋转矩阵：
[-0.9997513483830444, 0.005161058113997879, 0.02169342954511186;
 0.001157989357127987, 0.9835506368530668, -0.1806289118789574;
 -0.02226882275589739, -0.1805588774474169, -0.9833120518472227]
第12幅图像的平移向量：
[48.02989934799063;
 -174.2530471503744;
 1169.157266490943]

第13幅图像的旋转向量：
[0.003958319529817375;
 3.118037535433215;
 -0.2811706456467552]
第13幅图像的旋转矩阵：
[-0.9999373883442947, 0.003497427255585128, 0.01062955284962877;
 0.001539418679658198, 0.9838652402179411, -0.1789044976545377;
 -0.01108375303405305, -0.1788769328155133, -0.9838090227911078]
第13幅图像的平移向量：
[-53.94102921390437;
 -175.9261614684019;
 1179.044450508149]

第14幅图像的旋转向量：
[0.009946410226828635;
 -3.098096177252526;
 0.2864492811431124]
第14幅图像的旋转矩阵：
[-0.9995215774076872, -0.009151117644884466, -0.02954442997077791;
 -0.003578947925550529, 0.9830309251091752, -0.1834049928730022;
 0.03072144899243708, -0.1832115098045133, -0.9825933722791721]
第14幅图像的平移向量：
[161.2483705028972;
 -24.83867092562271;
 1169.330853477661]

第15幅图像的旋转向量：
[0.02863256084019719;
 2.879543971581444;
 -0.2589931983146762]
第15幅图像的旋转矩阵：
[-0.968649254234585, 0.04160418917196404, 0.2449238937182851;
 -0.002768084095391834, 0.9840090497785264, -0.1780969614126048;
 -0.2484169075993484, -0.1731914587885483, -0.9530444683337035]
第15幅图像的平移向量：
[43.45612345063434;
 -26.83038527337835;
 1218.971063597614]


